  0   25   5  25    0
  1   25 100  40    0
  2   125 100 160    0
  3   100  25   0    0
  4   120  70  50    0
  5   220  20 100    0
  6   220  20  10    0
  7   180 220 140    0
  8   220  60 220    0
  9   180  40 120    0
 10   140  20 140    0
 11   20  30 140    0
 12   35  75  50    0
 13   225 140 140    0
 14   200  35  75    0
 15   160 100  50    0
 16   20 220  60    0
 17   60 220  60    0
 18   220 180 140    0
 19   20 100  50    0
 20   220  60  20    0
 21   120 100  60    0
 22   220  20  20    0
 23   220 180 220    0
 24   60  20 220    0
 25   160 140 180    0
 26   80  20 140    0
 27   75  50 125    0
 28   20 220 160    0
 29   20 180 140    0
 30   140 220 220    0
 31   80 160  20    0
 32   100   0 100    0
 33   70  20 170    0
 34   150 150 200    0
 35   255 192  32    0
